         0         0         0
   -1.5000    1.5000    0.0250
    1.5000   -1.5000    0.0250
   -0.7500    0.7500    0.1826
    2.2500   -2.2500    0.0002
   -2.2500   -0.7500   -0.0061
    0.7500    2.2500   -0.0061
   -1.1250   -1.1250   -0.1007
    1.8750    1.8750   -0.0031
   -2.6250    0.3750    0.0009
    0.3750   -2.6250    0.0009
   -1.8750    2.6250    0.0001
    1.1250   -0.3750    0.1034
   -0.3750   -1.8750   -0.0182
    2.6250    1.1250   -0.0008
   -0.1872    2.0628    0.0053
    2.8128   -0.9372    0.0004
   -1.6872   -2.4372   -0.0006
    1.3128    0.5628   -0.0961
   -2.4372   -0.1872   -0.0012
    0.5628    2.8128   -0.0004
   -0.9372    1.3128    0.0912
    2.0628   -1.6872    0.0029
   -2.0622    0.1878    0.0053
    0.9378   -2.8122    0.0004
   -0.5622   -1.3122   -0.0961
    2.4378    1.6878   -0.0006
   -1.3122   -2.0622   -0.0069
    1.6878    0.9378   -0.0380
   -2.8122    2.4378    0.0000
    0.1878   -0.5622    0.0743
   -1.4064    0.6564    0.0830
    1.5936   -2.3436    0.0012
   -2.9064   -0.8436   -0.0003
    0.0936    2.1564   -0.0019
   -2.1564   -1.5936   -0.0026
    0.8436    1.4064   -0.0806
   -0.6564    2.9064    0.0003
    2.3436   -0.0936    0.0009
   -2.5314    1.7814    0.0003
    0.4686   -1.2186    0.1038
   -1.0314   -2.7186   -0.0006
    1.9686    0.2814   -0.0106
   -0.2814   -0.4686   -0.0978
    2.7186    2.5314   -0.0000
   -1.7814    1.0314    0.0265
    1.2186   -1.9686    0.0113
   -1.5936   -1.4064   -0.0245
    1.4064    1.5936   -0.0245
   -0.0936    0.0936    0.0086
    2.9064   -2.9064    0.0000
   -0.8436    2.3436    0.0040
    2.1564   -0.6564    0.0088
   -2.3436   -2.1564   -0.0002
    0.6564    0.8436   -0.1767
   -0.4686   -2.5314   -0.0016
    2.5314    0.4686   -0.0016
   -1.9686    1.9686    0.0017
    1.0314   -1.0314    0.1267
   -2.7186    1.2186    0.0005
    0.2814   -1.7814    0.0194
   -1.2186   -0.2814   -0.0718
    1.7814    2.7186   -0.0001
   -0.6096   -0.3282   -0.1239
    2.3904    2.6718   -0.0000
   -2.1096    1.1718    0.0073
    0.8904   -1.8282    0.0260
   -2.8596    1.9218    0.0000
    0.1404   -1.0782    0.0464
   -1.3596   -2.5782   -0.0007
    1.6404    0.4218   -0.0393
   -1.7346   -2.2032   -0.0015
    1.2654    0.7968   -0.1078
   -0.2346    2.2968    0.0026
    2.7654   -0.7032    0.0006
   -0.9846    0.0468    0.0174
    2.0154   -2.9532    0.0000
   -2.4846   -1.4532   -0.0009
    0.5154    1.5468   -0.0559
   -2.2968    0.9846    0.0044
    0.7032   -2.0154    0.0149
   -0.7968   -0.5154   -0.1669
    2.2032    2.4846   -0.0001
   -0.0468   -2.7654   -0.0001
    2.9532    0.2346   -0.0001
   -1.5468    1.7346    0.0121
    1.4532   -1.2654    0.0449
   -1.1718    2.8596    0.0002
    1.8282   -0.1404    0.0089
   -2.6718   -1.6404   -0.0002
    0.3282    1.3596   -0.0631
   -1.9218   -0.8904   -0.0193
    1.0782    2.1096   -0.0083
   -0.4218    0.6096    0.1484
    2.5782   -2.3904    0.0000
   -2.2032    2.5782    0.0001
    0.7968   -0.4218    0.1491
   -0.7032   -1.9218   -0.0205
    2.2968    1.0782   -0.0040
   -1.4532   -1.1718   -0.0522
    1.5468    1.8282   -0.0091
   -2.9532    0.3282    0.0001
    0.0468   -2.6718    0.0001
   -0.3282    1.4532    0.0518
    2.6718   -1.5468    0.0003
   -1.8282   -0.0468   -0.0030
    1.1718    2.9532   -0.0001
   -2.5782   -2.2968   -0.0000
    0.4218    0.7032   -0.1514
   -1.0782    2.2032    0.0058
    1.9218   -0.7968    0.0202
   -0.8904   -1.7346   -0.0345
    2.1096    1.2654   -0.0063
   -2.3904    2.7654    0.0000
    0.6096   -0.2346    0.0933
   -1.6404    0.5154    0.0440
    1.3596   -2.4846    0.0011
   -0.1404   -0.9846   -0.0514
    2.8596    2.0154   -0.0000
   -2.7654   -0.6096   -0.0006
    0.2346    2.3904   -0.0018
   -1.2654    0.8904    0.1028
    1.7346   -2.1096    0.0021
   -0.5154    1.6404    0.0440
    2.4846   -1.3596    0.0011
   -2.0154   -2.8596   -0.0000
    0.9846    0.1404   -0.0514
   -1.0080    1.7112    0.0334
    1.9920   -1.2888    0.0092
   -2.5080   -2.7888   -0.0000
    0.4920    0.2112   -0.0780
   -1.7580   -0.5388   -0.0322
    1.2420    2.4612   -0.0015
   -0.2580    0.9612    0.0921
    2.7420   -2.0388    0.0000
   -2.8830    0.5862    0.0003
    0.1170   -2.4138    0.0008
   -1.3830   -0.9138   -0.0810
    1.6170    2.0862   -0.0032
   -0.6330   -1.6638   -0.0443
    2.3670    1.3362   -0.0020
   -2.1330    2.8362    0.0000
    0.8670   -0.1638    0.0652
   -1.9452   -2.6016   -0.0001
    1.0548    0.3984   -0.1179
   -0.4452    1.8984    0.0189
    2.5548   -1.1016    0.0012
   -1.1952    1.1484    0.0880
    1.8048   -1.8516    0.0042
   -2.6952   -0.3516   -0.0006
    0.3048    2.6484   -0.0007
   -0.0702   -1.4766   -0.0117
    2.9298    1.5234   -0.0001
   -1.5702    0.0234    0.0031
    1.4298   -2.9766    0.0001
   -2.3202    2.2734    0.0001
    0.6798   -0.7266    0.1835
   -0.8202   -2.2266   -0.0066
    2.1798    0.7734   -0.0080
   -2.6016   -1.0080   -0.0011
    0.3984    1.9920   -0.0128
   -1.1016    0.4920    0.1264
    1.8984   -2.5080    0.0002
   -0.3516    2.7420    0.0005
    2.6484   -0.2580    0.0006
   -1.8516   -1.7580   -0.0048
    1.1484    1.2420   -0.0816
   -1.4766   -2.8830   -0.0001
    1.5234    0.1170   -0.0173
   -2.9766    1.6170    0.0001
    0.0234   -1.3830    0.0048
   -2.2266    0.8670    0.0064
    0.7734   -2.1330    0.0096
   -0.7266   -0.6330   -0.1817
    2.2734    2.3670   -0.0001
   -0.5388    0.3048    0.1119
    2.4612   -2.6952    0.0000
   -2.0388   -1.1952   -0.0091
    0.9612    1.8048   -0.0265
   -2.7888   -1.9452   -0.0001
    0.2112    1.0548   -0.0700
   -1.2888    2.5548    0.0009
    1.7112   -0.4452    0.0334
   -1.6638    2.1798    0.0020
    1.3362   -0.8202    0.0938
   -0.1638   -2.3202   -0.0017
    2.8362    0.6798   -0.0004
   -0.9138   -0.0702   -0.0277
    2.0862    2.9298   -0.0000
   -2.4138    1.4298    0.0013
    0.5862   -1.5702    0.0555
   -1.8048    1.3830    0.0142
    1.1952   -1.6170    0.0339
   -0.3048   -0.1170   -0.0321
    2.6952    2.8830   -0.0000
   -1.0548   -2.3670   -0.0030
    1.9452    0.6330   -0.0188
   -2.5548    2.1330    0.0001
    0.4452   -0.8670    0.1493
   -0.6798    2.5080    0.0020
    2.3202   -0.4920    0.0041
   -2.1798   -1.9920   -0.0007
    0.8202    1.0080   -0.1527
   -2.9298   -1.2420   -0.0001
    0.0702    1.7580   -0.0056
   -1.4298    0.2580    0.0447
    1.5702   -2.7420    0.0002
   -1.2420   -0.6798   -0.1137
    1.7580    2.3202   -0.0009
   -2.7420    0.8202    0.0006
    0.2580   -2.1798    0.0045
   -1.9920    1.5702    0.0050
    1.0080   -1.4298    0.0675
   -0.4920   -2.9298   -0.0002
    2.5080    0.0702   -0.0003
   -2.3670   -1.8048   -0.0006
    0.6330    1.1952   -0.1215
   -0.8670    2.6952    0.0008
    2.1330   -0.3048    0.0063
   -0.1170    0.4452    0.0421
    2.8830   -2.5548    0.0000
   -1.6170   -1.0548   -0.0410
    1.3830    1.9452   -0.0090
   -0.2112   -2.0862   -0.0054
    2.7888    0.9138   -0.0005
   -1.7112    2.4138    0.0007
    1.2888   -0.5862    0.1018
   -2.4612    0.1638    0.0009
    0.5388   -2.8362    0.0004
   -0.9612   -1.3362   -0.0855
    2.0388    1.6638   -0.0033
   -2.0862   -0.2112   -0.0054
    0.9138    2.7888   -0.0005
   -0.5862    1.2888    0.1018
    2.4138   -1.7112    0.0007
   -1.3362    2.0388    0.0072
    1.6638   -0.9612    0.0399
   -2.8362   -2.4612   -0.0000
    0.1638    0.5388   -0.0643
   -2.6484    2.9766    0.0000
    0.3516   -0.0234    0.0073
   -1.1484   -1.5234   -0.0459
    1.8516    1.4766   -0.0100
   -0.3984   -0.7734   -0.1446
    2.6016    2.2266   -0.0000
   -1.8984    0.7266    0.0221
    1.1016   -2.2734    0.0042
   -0.7734    1.1016    0.1392
    2.2266   -1.8984    0.0008
   -2.2734   -0.3984   -0.0044
    0.7266    2.6016   -0.0013
   -1.5234   -2.6484   -0.0004
    1.4766    0.3516   -0.0518
   -0.0234    1.8516    0.0014
    2.9766   -1.1484    0.0001
   -0.0120    0.9258    0.0047
    2.9880   -2.0742    0.0000
   -1.5120   -0.5742   -0.0635
    1.4880    2.4258   -0.0011
   -2.2620   -2.8242   -0.0000
    0.7380    0.1758   -0.0730
   -0.7620    1.6758    0.0431
    2.2380   -1.3242    0.0034
   -1.8870    2.8008    0.0001
    1.1130   -0.1992    0.0617
   -0.3870   -1.6992   -0.0315
    2.6130    1.3008   -0.0007
   -1.1370   -0.9492   -0.1203
    1.8630    2.0508   -0.0018
   -2.6370    0.5508    0.0010
    0.3630   -2.4492    0.0019
   -2.8242   -0.0120   -0.0000
    0.1758    2.9880   -0.0001
   -1.3242    1.4880    0.0373
    1.6758   -1.5120    0.0155
   -0.5742    2.2380    0.0062
    2.4258   -0.7620    0.0029
   -2.0742   -2.2620   -0.0004
    0.9258    0.7380   -0.1682
   -0.9492   -1.8870   -0.0207
    2.0508    1.1130   -0.0099
   -2.4492    2.6130    0.0000
    0.5508   -0.3870    0.1355
   -1.6992    0.3630    0.0301
    1.3008   -2.6370    0.0006
   -0.1992   -1.1370   -0.0598
    2.8008    1.8630   -0.0001
   -1.6056   -1.6056   -0.0149
    1.3944    1.3944   -0.0398
   -0.1056    2.8944    0.0001
    2.8944   -0.1056    0.0001
   -0.8556    0.6444    0.1750
    2.1444   -2.3556    0.0002
   -2.3556   -0.8556   -0.0038
    0.6444    2.1444   -0.0092
   -0.4806   -0.4806   -0.1455
    2.5194    2.5194   -0.0000
   -1.9806    1.0194    0.0141
    1.0194   -1.9806    0.0141
   -2.7306    1.7694    0.0001 