    1.0782    0.0577
    1.0198    0.0884
    1.0147    0.0456
    0.9655    0.0694
    0.8833    0.1516
    0.7352    0.1500
    0.6173    0.3037
    0.5956    0.4148
    0.3438    0.4787
    0.3730    0.5322
    0.2947    0.6834
    0.2128    0.7240
    0.0624    0.9456
    0.0584    1.0266
    0.0552    1.0796
    0.1023    1.0316
    0.0205    1.0879
    0.1060    0.9786
    0.0043    0.9874
    0.0643    0.8943
    0.0021    0.7760
   -0.0118    0.6700
   -0.0966    0.5919
   -0.1602    0.4288
   -0.2673    0.3980
   -0.4641    0.2850
   -0.5244    0.2414
   -0.7093    0.1830
   -0.8319    0.1334
   -0.8038    0.0187
   -0.8953    0.0131
   -0.9254    0.0480
   -0.8592    0.0794
   -0.8714    0.0942
   -0.8110    0.0445
   -0.6923    0.0798
   -0.6003    0.0211
   -0.5235   -0.0034
   -0.4674   -0.1494
   -0.3466   -0.2766
   -0.1463   -0.4176
   -0.1856   -0.4563
   -0.0444   -0.5453
   -0.0392   -0.7055
    0.1178   -0.8481
    0.0975   -0.8941
    0.0737   -0.9581
    0.0707   -0.9576
    0.0096   -0.9225
    0.1088   -0.8692
    0.0292   -0.8132
    0.0647   -0.6622
    0.1811   -0.6118
    0.1849   -0.4349
    0.3784   -0.3658
    0.4785   -0.2076
    0.5749   -0.2155
    0.6041   -0.0656
    0.7933   -0.0569
    0.8756    0.0485
    1.0312    0.0825
    1.0480    0.0042
    1.1097    0.0376
    1.0676    0.0336
    1.0446    0.1018
    1.0552    0.1366
    0.8705    0.0819
    0.7845    0.1834
    0.6831    0.2219
    0.6014    0.1945
    0.5532    0.3739
    0.4413    0.4454
    0.2342    0.6373
    0.2055    0.6152
    0.1634    0.7952
    0.1042    0.8889
    0.1144    0.9760
    0.0978    1.0804
    0.0440    1.0440
    0.0647    1.1145
   -0.0008    1.0391
    0.1332    0.9177
   -0.0139    0.8589
   -0.0643    0.8426
   -0.0842    0.6952
   -0.1885    0.5320
   -0.2392    0.4473
   -0.3687    0.3825
   -0.3909    0.2289
   -0.5101    0.2365
   -0.7485    0.1064
   -0.7405    0.1701
   -0.8860    0.0514
   -0.9134    0.1168
   -0.9169    0.0283
   -0.8501    0.0427
   -0.8921    0.0084
   -0.7438    0.0664
   -0.7602    0.0533
   -0.5979   -0.0138
   -0.4908   -0.0971
   -0.3947   -0.1476
   -0.2597   -0.2457
   -0.1632   -0.3506
   -0.1498   -0.4719
   -0.0883   -0.5390
    0.0926   -0.7544
    0.0010   -0.7691
   -0.0024   -0.9085
    0.0833   -0.9685
    0.1323   -0.9089
    0.1015   -0.9162
    0.0369   -0.8700
    0.0823   -0.7690
    0.1300   -0.6614
    0.2601   -0.6184
    0.2070   -0.4578
    0.3999   -0.3800
    0.4706   -0.2073
    0.5422   -0.1112
    0.6295   -0.1160
    0.7769    0.0011
    0.8861    0.0414
    0.9160    0.0629
    1.0476    0.1259
    1.0273    0.0394