    1.0000    5.4148
    1.0253    4.3193
    1.0506    7.6752
    1.0759    5.3575
    1.1013    6.0672
    1.1266    6.8290
    1.1519    4.8498
    1.1772    7.2508
    1.2025    8.4009
    1.2278    6.3241
    1.2532    6.4773
    1.2785    8.0818
    1.3038    5.7798
    1.3291    4.8520
    1.3544    5.0331
    1.3797    9.7329
    1.4051    9.3223
    1.4304   10.6496
    1.4557    7.5140
    1.4810   10.5188
    1.5063    8.9564
    1.5316    6.2582
    1.5570    8.4173
    1.5823    9.6785
    1.6076   10.8661
    1.6329    9.5655
    1.6582    6.3651
    1.6835   12.0265
    1.7089    9.8925
    1.7342    7.4053
    1.7595   13.2661
    1.7848    8.8652
    1.8101    6.9319
    1.8354   12.2345
    1.8608   13.5959
    1.8861    9.5952
    1.9114    8.0136
    1.9367   10.5578
    1.9620    8.3982
    1.9873   14.4376
    2.0127    9.9570
    2.0380   13.6764
    2.0633   13.3028
    2.0886   15.9214
    2.1139   10.1582
    2.1392   12.1675
    2.1646   11.3237
    2.1899   10.8997
    2.2152   18.4131
    2.2405    9.8628
    2.2658   14.7188
    2.2911   12.3078
    2.3165   12.6875
    2.3418   11.9711
    2.3671   19.7136
    2.3924   16.6924
    2.4177   15.1638
    2.4430   11.7590
    2.4684   13.1620
    2.4937   12.6837
    2.5190   16.8548
    2.5443   17.1883
    2.5696   13.9858
    2.5949   25.1608
    2.6203   14.1366
    2.6456   21.0216
    2.6709   26.6765
    2.6962   17.0026
    2.7215   26.0140
    2.7468   26.6957
    2.7722   20.1781
    2.7975   26.0484
    2.8228   25.4605
    2.8481   24.7095
    2.8734   25.1238
    2.8987   25.9610
    2.9241   22.6362
    2.9494   30.8358
    2.9747   31.0653
    3.0000   33.3778